0.0 6.15493e-11 3.17244e-20 3.1268e-09 -3.65536
10.0007 7.82243e-07 4.45871e-07 3.65288 -3.60186
20.0056 1.444e-06 2.09818e-07 3.65158 -3.6709
30.0089 1.72414e-06 4.45056e-07 3.63936 -3.64247
40.003 1.38057e-06 1.63201e-06 3.63705 -3.65353
50.0118 4.8059e-07 3.64033e-06 3.642 -3.65766
60.0007 2.45099e-07 4.46357e-06 3.6332 -3.66365
70.0112 3.9722e-07 3.63353e-06 3.63004 -3.67386
80.001 8.40487e-07 4.59125e-06 3.63893 -3.65238
90.0142 8.25104e-07 6.28161e-06 3.6423 -3.65798
100.016 2.44535e-07 7.17687e-06 3.64139 -3.65649
110.026 6.47789e-08 6.53301e-06 3.59156 -3.65089
120.004 3.38924e-07 3.69984e-06 3.64582 -3.63354
130.003 4.86874e-07 4.85643e-06 3.66041 -3.63963
140.01 1.05015e-07 7.60266e-06 3.65005 -3.65062
150.015 2.30955e-07 5.39256e-06 3.64578 -3.65509
160.009 1.69282e-07 3.94189e-06 3.66737 -3.62753
170.004 8.85257e-07 4.30564e-06 3.66849 -3.61631
180.007 1.73388e-06 3.79334e-06 3.66552 -3.59832
190.01 1.11443e-06 5.80794e-06 3.65378 -3.60649
200.007 9.05068e-10 7.52984e-06 3.38517 -3.63864
210.011 1.7641e-06 5.62765e-06 3.62858 -3.64803
220.005 3.28404e-06 1.82642e-06 3.64562 -3.61477
230.014 3.62408e-06 2.50503e-06 3.65504 -3.61216
240.02 2.28451e-06 6.59242e-06 3.65943 -3.64473
250.015 7.10365e-09 8.93948e-06 3.62197 -3.65055
260.01 1.82378e-06 6.8993e-06 3.63292 -3.64863
270.003 2.02652e-06 2.96459e-06 3.62366 -3.64169
280.02 2.33016e-06 3.137e-06 3.6475 -3.63967
290.005 9.84229e-07 4.38273e-06 3.64724 -3.64766
300.006 5.83201e-07 6.61503e-06 3.60695 -3.64526
310.01 1.46343e-06 5.75144e-06 3.64353 -3.63991
320.007 2.00759e-06 1.63675e-06 3.6524 -3.62272
330.001 2.6266e-06 2.92563e-06 3.65258 -3.66973
340.001 9.53436e-07 8.10523e-06 3.62995 -3.67025
350.013 1.94755e-07 1.26844e-05 3.63585 -3.65547
360.013 5.8577e-07 8.55053e-06 3.66064 -3.64777
370.0 2.17874e-06 3.44893e-06 3.65563 -3.62935
380.003 4.85993e-06 3.4508e-06 3.65562 -3.6504
390.018 3.41883e-06 4.43886e-06 3.64379 -3.65463
400.016 1.00671e-06 6.79572e-06 3.5949 -3.64956
410.008 1.11028e-06 6.06895e-06 3.60972 -3.68904
420.003 2.91424e-06 5.21811e-06 3.63218 -3.67684
430.009 2.52943e-06 9.47566e-06 3.61728 -3.67095
440.004 1.27078e-06 9.5379e-06 3.60019 -3.64906
450.004 1.29643e-06 6.21132e-06 3.62517 -3.63958
460.001 3.57102e-06 3.81602e-06 3.65285 -3.62533
470.007 4.76084e-06 4.3638e-06 3.65987 -3.63846
480.015 2.38651e-06 4.95288e-06 3.66053 -3.65988
490.002 3.02557e-07 5.22596e-06 3.66912 -3.69993
500.013 1.99283e-06 6.35652e-06 3.65228 -3.66922
510.016 2.85044e-06 6.98182e-06 3.6381 -3.64368
520.01 2.8649e-06 6.6014e-06 3.6433 -3.65312
530.001 9.23572e-07 6.54146e-06 3.62477 -3.65721
540.002 7.78206e-07 8.60837e-06 3.6087 -3.68778
550.01 4.22162e-08 9.7627e-06 3.62017 -3.66099
560.006 1.46995e-06 6.63372e-06 3.6044 -3.66259
570.0 5.20253e-06 5.12381e-06 3.63149 -3.63162
580.007 5.06509e-06 3.80078e-06 3.64202 -3.64839
590.002 1.7637e-06 4.68145e-06 3.66032 -3.66376
600.006 3.14588e-06 6.68413e-06 3.64882 -3.66241
610.001 2.7017e-06 3.09823e-06 3.63369 -3.67835
620.005 3.21218e-06 3.23175e-06 3.64618 -3.66838
630.003 1.50876e-06 3.91197e-06 3.64738 -3.65083
640.012 2.39855e-06 6.86249e-06 3.65435 -3.66856
650.012 2.30546e-06 4.48939e-06 3.64612 -3.68511
660.018 3.04789e-06 6.31191e-06 3.64874 -3.6821
670.015 2.09933e-06 1.08806e-05 3.63123 -3.69283
680.004 2.66502e-06 1.08589e-05 3.62564 -3.69984
690.006 1.13091e-06 8.97891e-06 3.61529 -3.68174
700.011 8.05018e-07 9.21982e-06 3.60212 -3.6512
710.002 2.29258e-06 8.36019e-06 3.63143 -3.63094
720.007 4.64771e-06 6.27334e-06 3.65275 -3.60954
730.005 3.96374e-06 2.87673e-06 3.64879 -3.57231
740.025 4.10688e-06 5.02903e-06 3.64297 -3.62199
750.014 1.86124e-06 6.99096e-06 3.6415 -3.62957
760.007 1.24251e-06 8.51874e-06 3.6623 -3.63194
770.013 3.2326e-06 7.81137e-06 3.66157 -3.6259
780.018 3.38798e-06 5.50163e-06 3.66065 -3.61279
790.009 2.49883e-06 3.46691e-06 3.65894 -3.59535
800.012 2.36805e-06 3.42592e-06 3.65912 -3.62023
810.004 1.208e-06 5.81411e-06 3.64935 -3.64109
820.013 8.03341e-07 7.5876e-06 3.6314 -3.65227
830.009 7.04706e-07 7.2028e-06 3.63853 -3.654
840.01 2.86534e-07 9.66719e-06 3.63681 -3.66853
850.004 2.282e-07 1.122e-05 3.60064 -3.65714
860.016 4.92219e-07 7.29662e-06 3.61046 -3.65652
870.007 1.79467e-06 3.84991e-06 3.6453 -3.66783
880.0 9.37496e-07 4.60854e-06 3.63016 -3.65746
890.006 1.06788e-06 7.29069e-06 3.60057 -3.66216
900.014 2.28762e-06 4.45933e-06 3.62534 -3.66449
910.022 2.97141e-06 3.89809e-06 3.63937 -3.66915
920.011 2.65046e-06 4.8217e-06 3.64465 -3.66763
930.009 3.81598e-06 4.8232e-06 3.65297 -3.67802
940.01 5.4954e-06 3.65234e-06 3.65804 -3.66538
950.001 5.83275e-06 3.56759e-06 3.65828 -3.68445
960.009 4.11085e-06 3.96901e-06 3.64014 -3.68056
970.004 4.17541e-06 6.86786e-06 3.63489 -3.66219
980.004 3.12593e-06 6.0046e-06 3.63772 -3.6582
990.004 2.60408e-06 6.14012e-06 3.64671 -3.66568
1000.01 8.38308e-07 8.01406e-06 3.60859 -3.6655
1010.01 5.3441e-07 1.07318e-05 3.58309 -3.6652
1020.0 8.39882e-07 1.02905e-05 3.6009 -3.67728
1030.01 1.19274e-06 8.17254e-06 3.61874 -3.67625
1040.01 2.29738e-06 4.21528e-06 3.63325 -3.71583
1050.02 3.72472e-06 4.61261e-06 3.64008 -3.73239
1060.0 2.69105e-06 9.29853e-06 3.63354 -3.69389
1070.0 2.52912e-06 9.61814e-06 3.64938 -3.67187
1080.01 3.71898e-06 4.82099e-06 3.64653 -3.69127
1090.01 5.51109e-06 4.45256e-06 3.64785 -3.66837
1100.0 4.475e-06 7.2921e-06 3.64309 -3.67112
1110.0 3.24499e-06 6.8662e-06 3.64575 -3.71704
1120.0 3.82997e-06 4.63117e-06 3.66367 -3.70383
1130.01 5.20379e-06 4.2013e-06 3.66275 -3.68232
1140.0 3.09348e-06 5.9954e-06 3.65031 -3.66578
1150.0 3.02107e-06 7.49208e-06 3.65664 -3.67552
1160.01 4.0212e-06 5.42383e-06 3.66257 -3.66337
1170.0 5.28743e-06 5.46469e-06 3.66238 -3.68491
1180.0 3.06481e-06 6.77004e-06 3.66194 -3.69535
1190.0 1.34847e-06 1.01508e-05 3.66076 -3.72126
1200.02 2.83725e-06 1.26152e-05 3.66037 -3.67688
1210.01 3.09451e-06 1.2462e-05 3.6626 -3.66486
1220.01 4.27356e-06 7.11843e-06 3.65446 -3.67039
1230.01 3.74605e-06 1.11566e-05 3.64445 -3.67075
1240.01 1.24568e-06 1.78718e-05 3.63632 -3.67086
1250.01 2.51744e-06 1.52997e-05 3.66504 -3.68106
1260.02 6.99503e-06 9.66128e-06 3.6673 -3.69935
1270.0 1.11039e-05 7.56238e-06 3.66139 -3.73171
1280.0 9.54056e-06 5.54036e-06 3.65817 -3.68132
1290.01 8.32954e-06 4.43354e-06 3.65074 -3.68873
1300.01 4.14828e-06 9.63838e-06 3.64305 -3.68354
1310.02 9.89853e-07 1.31306e-05 3.64326 -3.68659
1320.01 4.06888e-06 1.32455e-05 3.65318 -3.67705
1330.01 9.72881e-06 1.38414e-05 3.66139 -3.6864
1340.01 1.2237e-05 1.19485e-05 3.66187 -3.72712
1350.0 3.71411e-06 9.11404e-06 3.65508 -3.70293
1360.0 1.06565e-06 1.5672e-05 3.66905 -3.70817
1370.01 2.66328e-06 1.02568e-05 3.66132 -3.73276
1380.01 1.2241e-05 7.26504e-06 3.66395 -3.70958
1390.0 1.08548e-05 3.47847e-06 3.67261 -3.70219
1400.01 1.68234e-06 7.76686e-06 3.66496 -3.68154
1410.0 2.40807e-08 2.70299e-05 3.66164 -3.67179
1420.0 1.31561e-06 2.93967e-05 3.65097 -3.73412
1430.0 8.71444e-06 1.55467e-05 3.66179 -3.73539
1440.01 1.69071e-05 9.30776e-06 3.66905 -3.73845
1450.01 1.89818e-05 4.56055e-06 3.66895 -3.76912
1460.0 1.10402e-05 3.92193e-06 3.65295 -3.71995
1470.01 4.59092e-06 2.93956e-05 3.64984 -3.67056
1480.0 4.66736e-06 2.73189e-05 3.6462 -3.67437
1490.01 9.33355e-06 1.13089e-05 3.65947 -3.67813
1500.01 1.58951e-05 8.11575e-06 3.66932 -3.70528
1510.01 1.29483e-05 5.6226e-06 3.67073 -3.71219
1520.0 6.8649e-06 5.15232e-06 3.66958 -3.70033
1530.01 5.28896e-06 5.83165e-06 3.66246 -3.67598
1540.02 4.69934e-06 8.78954e-06 3.65871 -3.69952
1550.01 5.11478e-06 1.52013e-05 3.65392 -3.6893
1560.0 5.12469e-06 1.43961e-05 3.65156 -3.67726
1570.01 5.18634e-06 9.10054e-06 3.65643 -3.72348
1580.01 4.5792e-06 9.30939e-06 3.6556 -3.83336
1590.01 1.68856e-06 2.55212e-05 3.63352 -3.65307
1600.0 3.57974e-06 1.79047e-05 3.62862 -3.6892
1610.01 8.0257e-06 1.28343e-05 3.64595 -3.72381
1620.0 7.80512e-06 1.43212e-05 3.65151 -3.7524
1630.01 1.08856e-05 1.02847e-05 3.65606 -3.76297
1640.01 1.59727e-05 7.83148e-06 3.66214 -3.78234
1650.01 1.69357e-05 6.97297e-06 3.66672 -3.76155
1660.01 1.20073e-05 8.61657e-06 3.66865 -3.72674
1670.01 7.16697e-06 1.18439e-05 3.6666 -3.70901
1680.0 5.78081e-06 1.7365e-05 3.66566 -3.69952
1690.01 5.052e-06 2.2086e-05 3.66242 -3.69482
1700.01 5.70236e-06 1.94052e-05 3.68423 -3.69913
1710.01 9.75964e-06 1.28945e-05 3.6692 -3.74134
1720.0 1.38125e-05 9.97514e-06 3.67025 -3.75524
1730.0 1.11577e-05 7.3512e-06 3.67106 -3.76858
1740.01 5.71498e-06 1.69098e-05 3.67147 -3.71472
1750.01 6.73365e-06 2.04624e-05 3.67337 -3.72377
1760.01 4.97424e-06 1.01843e-05 3.67155 -3.79946
1770.02 9.29088e-06 1.02869e-05 3.67199 -3.73692
1780.0 8.56298e-06 8.84674e-06 3.6729 -3.703
1790.01 1.02586e-05 0.000611475 3.6786 -3.09148
1800.0 2.16627e-05 1.53679e-05 3.64769 -3.84802
1810.0 4.29487e-05 1.88778e-05 3.65303 -3.74967
1820.01 4.68844e-05 2.05123e-05 3.60711 -3.73131
1830.01 5.00332e-05 2.19745e-05 3.59543 -3.71644
1840.01 4.52414e-05 1.34208e-05 3.62798 -3.78558
1850.01 3.69447e-05 2.39139e-05 3.6144 -3.75194
1860.01 3.72179e-05 4.67217e-05 3.61781 -3.71543
1870.02 3.77762e-05 3.5058e-05 3.6203 -3.71631
1880.01 3.85519e-05 2.59026e-05 3.62456 -3.69332
1890.02 3.03996e-05 2.82863e-05 3.61453 -3.6827
1900.01 2.46968e-05 5.98804e-05 3.5945 -3.66609
1910.0 2.16569e-05 8.62218e-05 3.58564 -3.67258
1920.02 1.8901e-05 9.4398e-05 3.58955 -3.66721
1930.02 1.46005e-05 8.77393e-05 3.58309 -3.65944
1940.01 1.10309e-05 7.57951e-05 3.56358 -3.6516
1950.02 9.38466e-06 6.02621e-05 3.55725 -3.64529
1960.0 8.6804e-06 4.24656e-05 3.56852 -3.63352
1970.01 1.19233e-05 3.04863e-05 3.61485 -3.61592
1980.0 1.71181e-05 2.47224e-05 3.6482 -3.601
1990.01 2.17575e-05 2.14983e-05 3.66781 -3.59381
2000.01 2.63679e-05 2.08698e-05 3.67979 -3.59759
2010.0 2.95154e-05 2.03215e-05 3.68866 -3.60471
2020.01 3.08241e-05 1.94787e-05 3.69329 -3.61219
2030.01 3.04263e-05 1.84814e-05 3.69588 -3.61898
2040.01 2.98174e-05 1.74774e-05 3.69735 -3.62258
2050.02 2.8185e-05 1.66767e-05 3.6996 -3.62493
2060.0 2.34276e-05 1.62212e-05 3.70122 -3.62604
2070.01 1.43309e-05 1.58255e-05 3.69673 -3.63064
2080.0 6.53653e-06 1.81553e-05 3.68484 -3.65442
2090.01 4.86136e-06 2.13092e-05 3.68515 -3.67434
2100.0 5.54719e-06 2.02101e-05 3.69179 -3.68068
2110.01 7.34489e-06 1.80349e-05 3.69802 -3.67761
2120.01 8.38649e-06 1.62212e-05 3.70243 -3.67636
2130.0 8.31869e-06 1.49292e-05 3.70567 -3.67798
2140.0 7.75108e-06 1.40772e-05 3.70764 -3.67439
2150.0 7.11621e-06 1.48361e-05 3.70981 -3.67662
2160.01 6.40887e-06 1.36389e-05 3.71192 -3.68959
2170.01 5.69967e-06 1.2462e-05 3.71375 -3.69146
2180.01 5.35426e-06 1.39611e-05 3.71485 -3.6891
2190.0 4.75768e-06 1.42708e-05 3.71532 -3.70002
2200.01 4.18397e-06 1.37208e-05 3.71667 -3.70223
2210.01 4.15988e-06 1.26914e-05 3.71685 -3.70033
2220.01 4.72491e-06 1.1185e-05 3.71761 -3.70268
2230.01 4.91973e-06 1.10182e-05 3.72019 -3.70241
2240.01 4.56427e-06 1.00245e-05 3.7217 -3.7032
2250.01 4.11023e-06 9.09626e-06 3.72223 -3.70516
2260.0 3.68809e-06 8.78004e-06 3.72239 -3.70951
2270.0 2.99179e-06 8.90862e-06 3.72243 -3.71311
2280.0 2.3211e-06 8.92194e-06 3.72102 -3.7154
2290.01 2.15132e-06 8.85973e-06 3.71844 -3.71684
2300.0 2.39834e-06 8.9321e-06 3.71546 -3.71636
2310.01 2.63212e-06 9.16895e-06 3.71416 -3.71576
2320.0 2.50195e-06 9.25262e-06 3.71369 -3.72593
2330.02 2.70759e-06 9.42472e-06 3.71302 -3.72928
2340.02 3.54175e-06 1.07293e-05 3.71457 -3.72366
2350.01 4.13743e-06 1.17645e-05 3.71549 -3.72165
2360.0 4.48668e-06 1.23778e-05 3.71702 -3.72008
2370.02 5.24771e-06 1.32421e-05 3.71821 -3.71835
2380.0 6.68774e-06 1.37932e-05 3.72013 -3.71932
2390.02 7.58059e-06 1.38027e-05 3.72187 -3.72057
2400.02 7.90916e-06 1.41162e-05 3.72346 -3.7207
2410.01 8.26212e-06 1.49514e-05 3.72465 -3.72009
2420.02 7.89668e-06 1.70215e-05 3.7256 -3.72216
2430.02 7.67839e-06 1.92033e-05 3.72733 -3.72641
2440.01 9.30193e-06 1.92737e-05 3.73034 -3.72773
2450.0 1.18336e-05 1.7711e-05 3.73377 -3.72845
2460.0 1.32805e-05 1.68724e-05 3.73573 -3.73082
2470.0 1.31464e-05 1.70403e-05 3.73601 -3.7311
2480.01 1.21487e-05 1.7607e-05 3.73712 -3.73087
2490.02 1.15012e-05 1.76687e-05 3.7382 -3.73407
2500.03 1.12907e-05 1.71047e-05 3.73793 -3.73797
2510.0 1.14057e-05 1.5852e-05 3.73841 -3.74057
2520.0 1.15726e-05 1.52376e-05 3.73863 -3.74221
2530.0 1.11848e-05 1.51749e-05 3.7369 -3.74313
2540.0 1.06158e-05 1.52341e-05 3.73082 -3.74431
2550.0 1.02696e-05 1.48466e-05 3.71832 -3.74452
2560.02 1.03739e-05 1.42202e-05 3.70667 -3.74393
2570.01 1.10585e-05 1.34835e-05 3.69768 -3.74349
2580.02 1.15435e-05 1.26725e-05 3.68856 -3.74418
2590.0 1.12312e-05 1.1659e-05 3.67797 -3.74551
2600.0 1.06997e-05 1.10971e-05 3.67273 -3.74629
2610.02 1.05247e-05 1.1547e-05 3.66739 -3.74639
2620.01 1.06382e-05 1.21892e-05 3.66231 -3.7472
2630.0 1.10549e-05 1.22323e-05 3.66552 -3.74837
2640.01 1.13326e-05 1.27063e-05 3.6712 -3.74984
2650.01 1.15672e-05 1.40096e-05 3.67859 -3.75176
2660.0 1.16347e-05 1.4066e-05 3.68484 -3.7541
2670.01 1.15165e-05 1.25842e-05 3.68699 -3.75654
2680.01 1.1224e-05 1.20496e-05 3.68764 -3.75826
2690.01 1.07992e-05 1.21858e-05 3.68816 -3.75782
2700.01 1.02446e-05 1.13722e-05 3.68855 -3.75431
2710.01 9.49718e-06 1.00757e-05 3.68678 -3.74473
2720.0 9.59199e-06 1.0074e-05 3.69134 -3.72963
2730.01 1.00255e-05 1.05199e-05 3.70049 -3.71993
2740.02 1.02121e-05 1.02717e-05 3.71077 -3.71471
2750.01 9.59095e-06 1.11698e-05 3.71554 -3.71646
2760.0 8.91613e-06 1.13502e-05 3.72093 -3.71715
2770.0 8.37832e-06 9.86423e-06 3.72396 -3.71663
2780.0 7.36238e-06 9.88923e-06 3.73517 -3.72806
2790.01 6.95638e-06 1.17657e-05 3.75141 -3.73599
2800.01 7.18484e-06 1.16558e-05 3.77056 -3.737
2810.0 7.78608e-06 9.4961e-06 3.82079 -3.73772
2820.01 8.73838e-06 7.71278e-06 3.81914 -3.73693
2830.01 7.26981e-06 7.53735e-06 3.78647 -3.74093
2840.02 4.93595e-06 9.33807e-06 3.80657 -3.74319
2850.01 4.22377e-06 1.25387e-05 3.83524 -3.74644
2860.01 4.64302e-06 1.09238e-05 3.81747 -3.75727
2870.01 6.18211e-06 8.27975e-06 3.78082 -3.89604
2880.0 7.76e-06 6.64292e-06 3.7478 -3.78984
2890.01 7.10046e-06 6.27456e-06 3.72425 -3.78264
2900.0 7.52855e-06 4.314e-06 3.70928 -3.79658
2910.01 4.87024e-06 7.50099e-06 3.69086 -3.784
2920.0 2.2236e-06 1.57701e-05 3.67227 -3.80559
2930.02 2.50464e-06 1.24101e-05 3.69235 -3.75623
2940.0 6.93452e-06 1.35962e-05 3.72414 -3.7816
2950.01 9.42153e-06 6.86346e-06 3.72176 -3.81457
2960.01 1.06821e-05 4.84217e-06 3.72327 -3.9035
2970.0 8.92545e-06 3.95824e-06 3.71868 -3.86593
2980.01 5.57933e-06 6.14094e-06 3.70087 -3.78024
2990.0 4.63624e-06 1.11214e-05 3.68795 -3.797
3000.0 3.75567e-06 1.18517e-05 3.67673 -3.77472
3010.0 3.47058e-06 1.39137e-05 3.68381 -3.7675
3020.0 3.89011e-06 1.65106e-05 3.69314 -3.75417
3030.02 5.20832e-06 1.4988e-05 3.69857 -3.75258
3040.01 6.2168e-06 8.90054e-06 3.70188 -3.80725
3050.0 8.15906e-06 5.43544e-06 3.7158 -3.81464
3060.01 9.06357e-06 5.62271e-06 3.71589 -3.75753
3070.01 7.76819e-06 7.62541e-06 3.70349 -3.75089
3080.01 6.70338e-06 1.10847e-05 3.69906 -3.75889
3090.01 6.07628e-06 9.74649e-06 3.69193 -3.7553
3100.01 7.63774e-06 5.73803e-06 3.69941 -3.74362
3110.0 1.09631e-05 4.32857e-06 3.72126 -3.75909
3120.02 6.67674e-06 1.1341e-05 3.69742 -3.76015
3130.01 6.94771e-06 2.16376e-05 3.69966 -3.7294
3140.0 5.41761e-06 1.66633e-05 3.71009 -3.74813
3150.01 7.8306e-06 1.04077e-05 3.7264 -3.76884
3160.01 9.59873e-06 7.95596e-06 3.73015 -3.79057
3170.01 7.26022e-06 8.7145e-06 3.72295 -3.82699
3180.0 6.30051e-06 9.65974e-06 3.71766 -3.76014
3190.01 7.29239e-06 8.18063e-06 3.71874 -3.84597
3200.01 6.40005e-06 6.87467e-06 3.72208 -3.73844
3210.01 2.20112e-06 8.76809e-06 3.73649 -3.75462
3220.01 1.1546e-06 1.48475e-05 3.72236 -3.77296
3230.0 1.86905e-06 1.44727e-05 3.71677 -3.77483
3240.0 6.27836e-06 9.46059e-06 3.72748 -3.80539
3250.01 1.06516e-05 9.41808e-06 3.73108 -3.82017
3260.01 5.95917e-06 9.89423e-06 3.71965 -3.81393
3270.0 2.73163e-06 1.18275e-05 3.70727 -3.81046
3280.0 5.30064e-06 1.04766e-05 3.71831 -3.79632
3290.0 9.67988e-06 1.0594e-05 3.73425 -3.77855
3300.01 1.02508e-05 1.53026e-05 3.73928 -3.86659
3310.01 7.61897e-06 1.8657e-05 3.73625 -3.94017
3320.0 3.39783e-06 1.4526e-05 3.72646 -3.84818
3330.01 4.3826e-06 1.47844e-05 3.73107 -3.79515
3340.01 8.07845e-06 1.16694e-05 3.73563 -3.81826
3350.01 1.55627e-05 1.12603e-05 3.74115 -3.83495
3360.01 1.57582e-05 1.40287e-05 3.74016 -3.81999
3370.0 1.1117e-05 1.1525e-05 3.73379 -3.93746
3380.0 1.11565e-05 9.95248e-06 3.71906 -4.05743
3390.01 7.7443e-06 1.01523e-05 3.74746 -3.88805
